20170101     7.618333   0.04115478     1.722463     0.000000
20170101     7.618333   0.03976158     1.693300     0.000000
20170102     7.645000   0.04513517     1.218286     0.000000
20170102     7.645000   0.04059207     1.147677     0.000000
20170102     11.87806   0.06835700    0.6775994     0.000000
20170102     11.87806   0.05499425    0.6237460     0.000000
20170103     7.815834   0.04357109     1.247459     0.000000
20170103     7.815834   0.04104419     1.199045     0.000000
20170103     12.09583   0.06838439    0.7286121     0.000000
20170103     12.09583   0.04944589    0.6970414     0.000000
20170104     7.611389   0.04276614     1.467211     0.000000
20170104     7.611389   0.04117019     1.397065     0.000000
20170104     11.84472   0.07231163    0.6033068     0.000000
20170104     11.84472   0.05236816    0.5603822     0.000000
20170105     7.768889   0.04250733     1.523359     0.000000
20170105     7.768889   0.04001849     1.457661     0.000000
20170105     12.02806   0.06311035    0.6640310     0.000000
20170105     12.02806   0.04699707    0.6622957     0.000000
20170105     12.23889   0.06311035    0.7029171     0.000000
20170105     12.23889   0.04565430    0.6723076     0.000000
20170106     9.441667     4.117559     5.636068     0.000000
20170106     9.441667     4.117559     5.636068     0.000000
20170107     7.580833    0.2712402    0.6506026     0.000000
20170107     7.580833    0.7101570     1.546602     0.000000
20170107     9.241112   0.04758713     1.232815     0.000000
20170107     9.241112   0.04258074     1.199902     0.000000
20170107     10.98250   0.05236816    0.9811477     0.000000
20170107     10.98250   0.04426035    0.9588578     0.000000
20170107     15.24444   0.05177712     1.191453     0.000000
20170107     15.24444   0.04296875     1.157137     0.000000
20170108     7.663333   0.04245169     1.729512     0.000000
20170108     7.663333   0.04003521     1.683618     0.000000
20170108     11.92139   0.07166767    0.6709660     0.000000
20170108     11.92139   0.05337975    0.6354605     0.000000
20170108     16.29305   0.04992890     1.392990     0.000000
20170108     16.29305   0.04127771     1.351452     0.000000
20170109     7.506111   0.04326052     1.636704     0.000000
20170109     7.506111   0.03983070     1.583525     0.000000
20170109     11.74222   0.06543399    0.7678028     0.000000
20170109     11.74222   0.05091807    0.7352605     0.000000
20170109     15.97528   0.05020692     1.337694     0.000000
20170109     15.97528   0.04431152     1.294853     0.000000
20170110     7.653056   0.04070938     1.793456     0.000000
20170110     7.653056   0.03972593     1.735742     0.000000
20170110     11.94194   0.06140584    0.8180219     0.000000
20170110     11.94194   0.04557527    0.7996209     0.000000
20170111     9.203611   0.05236816    0.7324088     0.000000
20170111     9.203611   0.04562397    0.7128524     0.000000
20170112     7.653056   0.04482850     1.150209     0.000000
20170112     7.653056   0.04162598     1.110550     0.000000
20170112     11.91778   0.05867545    0.8531918     0.000000
20170112     11.91778   0.04561968    0.8466877     0.000000
20170112     12.19667   0.05904596    0.8431999     0.000000
20170112     12.19667   0.04663083    0.8107609     0.000000
20170113     7.650000   0.05071155    0.8960009     0.000000
20170113     7.650000   0.04431152    0.8956937     0.000000
20170113     12.00111   0.07370041    0.5773632     0.000000
20170113     12.00111   0.04925754    0.5455659     0.000000
20170113     16.25945   0.05050966     1.167821     0.000000
20170113     16.25945   0.04356459     1.121365     0.000000
20170114     7.700555   0.04479124     1.314667     0.000000
20170114     7.700555   0.04269695     1.252038     0.000000
20170114     12.00722   0.05980161    0.9458789     0.000000
20170114     12.00722   0.04565430    0.9082749     0.000000
20170115     7.614722   0.04197777     1.809312     0.000000
20170115     7.614722   0.03987359     1.713087     0.000000
20170115     11.88361   0.06042480    0.6670918     0.000000
20170115     11.88361   0.04670488    0.6585947     0.000000
20170115     12.06583   0.06311035    0.6796771     0.000000
20170115     12.06583   0.04431152    0.6658526     0.000000
20170115     16.33250   0.05601177     1.018173     0.000000
20170115     16.33250   0.04543553    0.9848250     0.000000
20170119     14.22861   0.07385254    0.4270589     0.000000
20170119     14.22861   0.05908203    0.3742174     0.000000
20170120     8.027778   0.04678046     1.321252     0.000000
20170120     8.027778   0.04296875     1.274578     0.000000
20170120     10.96083   0.06969617    0.6934881     0.000000
20170120     10.96083   0.05505371    0.6455437     0.000000
20170120     13.31611   0.06899716    0.8780279     0.000000
20170120     13.31611   0.05160827    0.8177844     0.000000
20170121     7.910278   0.04756797     1.241935     0.000000
20170121     7.910278   0.04296875     1.215480     0.000000
20170121     12.27417   0.08007464    0.5708086     0.000000
20170121     12.27417   0.05683156    0.4992963     0.000000
20170122     8.040001   0.04743827     1.271931     0.000000
20170122     8.040001   0.04363778     1.216347     0.000000
20170122     12.43056   0.06254876    0.9157670     0.000000
20170122     12.43056   0.04674100    0.8964785     0.000000
20170123     7.978055   0.04481946     1.207656     0.000000
20170123     7.978055   0.04145590     1.152641     0.000000
20170123     12.28833   0.05893717    0.9756081     0.000000
20170123     12.28833   0.04431152    0.9614882     0.000000
20170124     7.670000   0.04246842     1.503378     0.000000
20170124     7.670000   0.04116106     1.453178     0.000000
20170125     7.970556   0.04699707    0.6346817     0.000000
20170125     7.970556   0.04903314    0.5883624     0.000000
20170125     12.28917   0.08325195    0.4387350     0.000000
20170125     12.28917   0.04269808    0.3975006     0.000000
20170125     16.52250   0.06389192    0.7338080     0.000000
20170125     16.52250   0.04699707    0.7009367     0.000000
20170126     7.746667   0.05203307    0.9545115     0.000000
20170126     7.746667   0.04523206    0.9361649     0.000000
20170126     12.27167   0.08593750    0.4484096     0.000000
20170126     12.27167   0.05236816    0.3677946     0.000000
20170127     8.023889   0.04661409     1.032545     0.000000
20170127     8.023889   0.04268214    0.9791069     0.000000
20170127     12.36333   0.08056641    0.5384478     0.000000
20170127     12.36333   0.05895397    0.4646384     0.000000
20170127     12.85917   0.08325195    0.5528078     0.000000
20170127     12.85917   0.05773926    0.4677046     0.000000
20170128     8.046390   0.04729774     1.151470     0.000000
20170128     8.046390   0.04414146     1.093773     0.000000
20170128     12.38861   0.07343012    0.6400884     0.000000
20170128     12.38861   0.05505371    0.5869673     0.000000
20170129     8.030277   0.04144482     1.528807     0.000000
20170129     8.030277   0.03970365     1.450619     0.000000
20170129     12.39444   0.06138120    0.9061377     0.000000
20170129     12.39444   0.04668451    0.8702579     0.000000
20170129     15.05528     4.743251     5.636068     0.000000
20170129     15.05528   -0.3172365     7.551530     0.000000
20170130     8.026388   0.04796915    0.9954465     0.000000
20170130     8.026388   0.04296875    0.9708870     0.000000
20170130     11.34305   0.05908203    0.4223191     0.000000
20170130     11.34305   0.05102539    0.4070233     0.000000
20170130     13.34083   0.06767304    0.6943317     0.000000
20170130     13.34083   0.05236816    0.6523553     0.000000
20170131     9.083889   0.06176758    0.5727797     0.000000
20170131     9.083889   0.05102539    0.5596696     0.000000
20170201     9.561111   0.06291218    0.6222291     0.000000
20170201     9.561111   0.05202699    0.5905258     0.000000
20170202     7.935000   0.05102539    0.9037524     0.000000
20170202     7.935000   0.04528421    0.8804748     0.000000
20170203     7.936667   0.04397343     1.305020     0.000000
20170203     7.936667   0.04028320     1.274245     0.000000
20170203     12.32167   0.06274654    0.7666837     0.000000
20170203     12.32167   0.04699707    0.7445287     0.000000
20170203     13.97000   0.06632327    0.8407905     0.000000
20170203     13.97000   0.04628766    0.7958890     0.000000
20170204     8.015833   0.04944938    0.9794395     0.000000
20170204     8.015833   0.04415560    0.9536972     0.000000
20170204     12.37917   0.06540622    0.7888874     0.000000
20170204     12.37917   0.04565430    0.7642686     0.000000
20170205     7.977500   0.04657976     1.156894     0.000000
20170205     7.977500   0.04271957     1.108037     0.000000
20170205     12.24389   0.07324767    0.6557526     0.000000
20170205     12.24389   0.05316157    0.5963118     0.000000
20170206     7.864444   0.04766721     1.302813     0.000000
20170206     7.864444   0.04296875     1.264560     0.000000
20170206     12.10194   0.07087729    0.6108821     0.000000
20170206     12.10194   0.05371094    0.5732975     0.000000
20170207     10.29028   0.04828227     1.003277     0.000000
20170207     10.29028   0.04296238    0.9779399     0.000000
20170207     14.59389   0.05421571     1.066600     0.000000
20170207     14.59389   0.04431152     1.036450     0.000000
20170209     7.800556   0.05008103    0.9955354     0.000000
20170209     7.800556   0.04431152    0.9691657     0.000000
20170209     12.14361   0.08159307    0.4979573     0.000000
20170209     12.14361   0.05713989    0.4192417     0.000000
20170210     7.812222   0.04385379     1.377585     0.000000
20170210     7.812222   0.04028036     1.345973     0.000000
20170212     9.250556   0.05710695    0.6153113     0.000000
20170212     9.250556   0.04833984    0.6050939     0.000000
20170212     13.59139   0.07517335    0.6283701     0.000000
20170212     13.59139   0.05365461    0.5665278     0.000000
20170213     8.092222   0.04487016     1.312354     0.000000
20170213     8.092222   0.04141296     1.275231     0.000000
20170213     12.35056   0.07466398    0.6627848     0.000000
20170213     12.35056   0.05371094    0.6103104     0.000000
20170213     13.85000   0.07295573    0.7732883     0.000000
20170213     13.85000   0.04929834    0.7104483     0.000000
20170214     7.845278   0.04370936     1.875876     0.000000
20170214     7.845278   0.04099746     1.871210     0.000000
20170214     12.19972   0.06800993    0.7704016     0.000000
20170214     12.19972   0.05013579    0.7294619     0.000000
20170215     7.951666   0.04415276     1.312473     0.000000
20170215     7.951666   0.04086369     1.268697     0.000000
20170215     12.24139   0.06661373    0.8082554     0.000000
20170215     12.24139   0.04952445    0.7704733     0.000000
20170216     7.621944   0.04531632     1.413157     0.000000
20170216     7.621944   0.04113136     1.384674     0.000000
20170216     11.95806   0.06567554    0.7809301     0.000000
20170216     11.95806   0.04759702    0.7518176     0.000000
20170217     7.780556   0.04967994    0.8810302     0.000000
20170217     7.780556   0.04296875    0.8653046     0.000000
20170217     11.72472   0.06933374    0.7535822     0.000000
20170217     11.72472   0.04667901    0.7350906     0.000000
20170218     7.641389   0.04963988     1.047703     0.000000
20170218     7.641389   0.04279538     1.044719     0.000000
20170218     11.98306   0.06536680    0.8047635     0.000000
20170218     11.98306   0.04674417    0.7735422     0.000000
20170219     7.841389   0.04431152     1.452295     0.000000
20170219     7.841389   0.04162598     1.397348     0.000000
20170220     8.966667   0.04632355     1.084758     0.000000
20170220     8.966667   0.04214771     1.060474     0.000000
20170221     7.847222   0.05236816    0.7161815     0.000000
20170221     7.847222   0.04565430    0.7178294     0.000000
20170222     9.086389   0.05313706    0.6560266     0.000000
20170222     9.086389   0.04833984    0.6254317     0.000000
20170223     7.647500   0.05908203    0.3085877     0.000000
20170223     7.647500   0.04968262    0.2936312     0.000000
20170223     11.99000   0.07357407    0.5925752     0.000000
20170223     11.99000   0.04431152    0.5670243     0.000000
20170224     11.05278   0.07922363    0.4279557     0.000000
20170224     11.05278   0.06445312    0.3523417     0.000000
20170302     9.826388   0.05232870    0.8310614     0.000000
20170302     9.826388   0.04655902    0.8057775     0.000000
20170303     7.763611   0.04622212    0.9688943     0.000000
20170303     7.763611   0.04226718    0.9500162     0.000000
20170303     12.65417   0.06009099    0.7820421     0.000000
20170303     12.65417   0.04556271    0.7701790     0.000000
20170303     15.77944   0.05602712    0.9556162     0.000000
20170303     15.77944   0.04150482    0.9141045     0.000000
20170304     7.690278   0.05358543    0.7674676     0.000000
20170304     7.690278   0.04699707    0.7510634     0.000000
20170304     12.01306   0.06787109    0.7322013     0.000000
20170304     12.01306   0.04548435    0.6970648     0.000000
20170305     7.840834   0.05191630    0.9192745     0.000000
20170305     7.840834   0.04682638    0.8848147     0.000000
20170305     12.24389   0.06445312    0.7412528     0.000000
20170305     12.24389   0.05074289    0.6977632     0.000000
20170305     14.56806   0.05740680    0.7794851     0.000000
20170305     14.56806   0.04264646    0.7561251     0.000000
20170306     7.571389   0.04431152     1.326056     0.000000
20170306     7.571389   0.04246818     1.260531     0.000000
20170306     7.769167   0.04620177     1.211368     0.000000
20170306     7.769167   0.04296875     1.158862     0.000000
20170306     12.12889   0.05763504    0.8416977     0.000000
20170306     12.12889   0.04832365    0.8191434     0.000000
20170307     7.337500   0.04649893     1.276645     0.000000
20170307     7.337500   0.04296875     1.252515     0.000000
20170307     12.97889   0.05331425    0.8500827     0.000000
20170307     12.97889   0.04090731    0.8433612     0.000000
20170310     7.740278   0.04553271     1.373290     0.000000
20170310     7.740278   0.04279050     1.325899     0.000000
20170311     7.532222   0.04144361     1.543154     0.000000
20170311     7.532222   0.03880164     1.513563     0.000000
20170312     7.133056   0.04123501     1.914125     0.000000
20170312     7.133056   0.03864779     1.932470     0.000000
20170313     7.785555   0.04234856     1.589126     0.000000
20170313     7.785555   0.03926113     1.547612     0.000000
20170313     11.04445   0.05588739    0.9062307     0.000000
20170313     11.04445   0.04563307    0.8871461     0.000000
20170314     7.095000   0.04256621     1.958221     0.000000
20170314     7.095000   0.03990215     1.953132     0.000000
20170314     11.44833   0.06524647    0.7747570     0.000000
20170314     11.44833   0.04833984    0.7451975     0.000000
20170315     7.750834   0.04858620     1.161750     0.000000
20170315     7.750834   0.04394587     1.125138     0.000000
20170315     11.98389   0.06821839    0.6665952     0.000000
20170315     11.98389   0.05194650    0.6257835     0.000000
20170315     12.33500   0.06682766    0.7047064     0.000000
20170315     12.33500   0.05102539    0.6676180     0.000000
20170316     7.398889   0.04406296     1.355410     0.000000
20170316     7.398889   0.04070858     1.332308     0.000000
20170316     11.76056   0.07064081    0.6903029     0.000000
20170316     11.76056   0.04968262    0.6573786     0.000000
20170317     7.769167   0.04699707    0.8515856     0.000000
20170317     7.769167   0.04296875    0.8394378     0.000000
20170317     9.942500   0.07385254    0.5457966     0.000000
20170317     9.942500   0.05773926    0.5061951     0.000000
20170317     12.85889   0.07510430    0.5950003     0.000000
20170317     12.85889   0.04833984    0.5445853     0.000000
20170318     7.408056   0.04241254     1.689484     0.000000
20170318     7.408056   0.03958256     1.644718     0.000000
20170318     11.75167   0.07306803    0.6604354     0.000000
20170318     11.75167   0.05102539    0.6219864     0.000000
20170318     16.03389   0.05476806     1.112296     0.000000
20170318     16.03389   0.04422370     1.070520     0.000000
20170319     7.380278   0.04481509     1.658888     0.000000
20170319     7.380278   0.04228929     1.585286     0.000000
20170319     11.61639   0.06176758    0.7253608     0.000000
20170319     11.61639   0.04801894    0.7081569     0.000000
20170319     13.51139   0.06553186    0.7310161     0.000000
20170319     13.51139   0.04699707    0.7140675     0.000000
20170319     14.99944   0.06176758    0.8021509     0.000000
20170319     14.99944   0.04664358    0.7676156     0.000000
20170320     7.145000   0.04393212     1.497030     0.000000
20170320     7.145000   0.04146745     1.460795     0.000000
20170320     11.51139   0.06397903    0.6284632     0.000000
20170320     11.51139   0.04565430    0.6317088     0.000000
20170320     15.77472   0.05707375    0.9237458     0.000000
20170320     15.77472   0.04341771    0.8827516     0.000000
20170321     7.365000   0.04685242     1.213221     0.000000
20170321     7.365000   0.04296875     1.190831     0.000000
20170321     11.93222   0.07607291    0.5322117     0.000000
20170321     11.93222   0.05171098    0.4898485     0.000000
20170321     16.24889   0.06706333    0.7342998     0.000000
20170321     16.24889   0.04941404    0.6927655     0.000000
20170322     7.497222   0.05371094    0.8309746     0.000000
20170322     7.497222   0.04665212    0.8148537     0.000000
20170322     11.80083   0.07916841    0.5182321     0.000000
20170322     11.80083   0.06176758    0.4645668     0.000000
20170323     7.280000   0.04726217     1.186473     0.000000
20170323     7.280000   0.04162598     1.182011     0.000000
20170324     7.600278   0.04663408     1.350835     0.000000
20170324     7.600278   0.04222614     1.329412     0.000000
20170324     12.09889   0.06006456    0.8030376     0.000000
20170324     12.09889   0.04258215    0.8003642     0.000000
20170325     7.401111   0.05493784    0.7275285     0.000000
20170325     7.401111   0.04833984    0.7126605     0.000000
20170325     11.77611   0.07385254    0.4606728     0.000000
20170325     11.77611   0.04833984    0.4225364     0.000000
20170325     16.06750   0.07168934    0.6135741     0.000000
20170325     16.06750   0.04666956    0.5769476     0.000000
20170326     7.536944   0.05773926    0.6502868     0.000000
20170326     7.536944   0.04968262    0.6437260     0.000000
20170326     11.82667   0.08459473    0.4399903     0.000000
20170326     11.82667   0.04968262    0.3898808     0.000000
20170327     7.041667   0.04968262    0.9139509     0.000000
20170327     7.041667   0.04296875    0.9120125     0.000000
20170327     7.504167   0.05772378    0.6668723     0.000000
20170327     7.504167   0.04679345    0.6534648     0.000000
20170327     12.08194   0.08257008    0.5628248     0.000000
20170327     12.08194   0.04943459    0.4938741     0.000000
20170328     7.192500   0.06311035    0.5464249     0.000000
20170328     7.192500   0.05505371    0.5292220     0.000000
20170328     11.47583   0.08459473    0.4699683     0.000000
20170328     11.47583   0.07116699    0.3862463     0.000000
20170328     15.77000   0.06024841    0.7972021     0.000000
20170328     15.77000   0.04296875    0.7803800     0.000000
20170329     7.416389   0.05908203    0.6799319     0.000000
20170329     7.416389   0.05236816    0.6511611     0.000000
20170329     11.70917   0.07250977    0.5870296     0.000000
20170329     11.70917   0.05371094    0.5416574     0.000000
20170330     7.418611   0.06176758    0.5508184     0.000000
20170330     7.418611   0.05236816    0.5338383     0.000000
20170330     11.72583   0.07220466    0.6360203     0.000000
20170330     11.72583   0.05639648    0.5775314     0.000000
20170330     14.03361   0.06963412    0.6762575     0.000000
20170330     14.03361   0.04699183    0.6379709     0.000000
20170331     7.539722   0.06445312    0.5571187     0.000000
20170331     7.539722   0.05505371    0.5344060     0.000000
20170331     10.47528   0.08459473    0.4887945     0.000000
20170331     10.47528   0.07116699    0.4005360     0.000000
20170331     12.10917   0.07465262    0.5783759     0.000000
20170331     12.10917   0.05505371    0.5287539     0.000000
20170401     7.461111   0.05773926    0.6621245     0.000000
20170401     7.461111   0.05236816    0.6318312     0.000000
20170402     7.354445   0.05908203    0.6563481     0.000000
20170402     7.354445   0.05236816    0.6180577     0.000000
20170402     11.63500   0.07738044    0.5630516     0.000000
20170402     11.63500   0.05233237    0.5086873     0.000000
20170402     12.34889   0.07034543    0.6625101     0.000000
20170402     12.34889   0.04952183    0.6381817     0.000000
20170403     7.391389   0.06144464    0.5862932     0.000000
20170403     7.391389   0.05351765    0.5562447     0.000000
20170403     11.76750   0.06982422    0.6169452     0.000000
20170403     11.76750   0.05361419    0.5934291     0.000000
20170403     11.99861   0.07628749    0.5568009     0.000000
20170403     11.99861   0.05639648    0.5054621     0.000000
20170404     7.400000   0.06848145    0.4155108     0.000000
20170404     7.400000   0.05639648    0.3994296     0.000000
20170404     11.73417   0.09130859    0.3835829     0.000000
20170404     11.73417   0.07116698    0.2958400     0.000000
20170404     16.09361   0.07593715    0.5866928     0.000000
20170404     16.09361   0.05102539    0.5170280     0.000000
20170405     7.636389   0.05199508     1.058494     0.000000
20170405     7.636389   0.04685738     1.019265     0.000000
20170405     11.87583   0.07453836    0.5697616     0.000000
20170405     11.87583   0.05505371    0.5130108     0.000000
20170405     13.33444   0.07653809    0.5946114     0.000000
20170405     13.33444   0.05080879    0.5538197     0.000000
20170406     7.441945   0.05002981     1.056525     0.000000
20170406     7.441945   0.04565430    0.9981840     0.000000
20170406     11.72583   0.07626553    0.6247563     0.000000
20170406     11.72583   0.05493610    0.5394644     0.000000
20170406     16.00083   0.06284785    0.8922850     0.000000
20170406     16.00083   0.04485904    0.8173120     0.000000
20170407     7.519722   0.05153591     1.062889     0.000000
20170407     7.519722   0.04699707    0.9932788     0.000000
20170407     11.85917   0.07059589    0.7473126     0.000000
20170407     11.85917   0.05351496    0.6631077     0.000000
20170408     7.246945   0.05720425    0.7564079     0.000000
20170408     7.246945   0.04946027    0.6905401     0.000000
20170408     11.55917   0.08593750    0.4579228     0.000000
20170408     11.55917   0.06311035    0.3353563     0.000000
20170408     15.84250   0.07642180    0.5434346     0.000000
20170408     15.84250   0.05371094    0.4377759     0.000000
20170409     7.272500   0.06442101    0.5841239     0.000000
20170409     7.272500   0.05639648    0.5223883     0.000000
20170409     11.58111   0.07338439    0.7005741     0.000000
20170409     11.58111   0.05199820    0.6351750     0.000000
20170410     7.376667   0.06445312    0.6088335     0.000000
20170410     7.376667   0.05725605    0.5476756     0.000000
20170412     7.291667   0.04691044    0.9636457     0.000000
20170412     7.291667   0.04431152    0.8979065     0.000000
20170412     10.49944   0.05736818    0.8325296     0.000000
20170412     10.49944   0.04678117    0.7993209     0.000000
20170415     7.109722   0.05102539    0.8171867     0.000000
20170415     7.109722   0.04833984    0.7561140     0.000000
20170415     11.39778   0.07188059    0.6278427     0.000000
20170415     11.39778   0.05489801    0.5682042     0.000000
20170416     7.183611   0.04792694     1.139144     0.000000
20170416     7.183611   0.04431152     1.077011     0.000000
20170416     11.47194   0.07210345    0.6092602     0.000000
20170416     11.47194   0.05236816    0.5631999     0.000000
20170417     7.219722   0.05210637    0.8191258     0.000000
20170417     7.219722   0.04805177    0.7726733     0.000000
20170418     7.188334   0.04967915    0.8533285     0.000000
20170418     7.188334   0.04565430    0.7975884     0.000000
20170419     7.301389   0.05089184    0.9304975     0.000000
20170419     7.301389   0.04692279    0.8769595     0.000000
20170420     6.967778   0.05004524    0.9342316     0.000000
20170420     6.967778   0.04565430    0.8853442     0.000000
20170420     11.28861   0.07519531    0.5862039     0.000000
20170420     11.28861   0.05371094    0.5426114     0.000000
20170422     9.969445   0.07233946    0.4722589     0.000000
20170422     9.969445   0.05908203    0.4117323     0.000000
20170423     6.992778   0.05079079    0.9955146     0.000000
20170423     6.992778   0.04699707    0.9341855     0.000000
20170425     7.189722   0.04954157     1.076959     0.000000
20170425     7.189722   0.04565430     1.018754     0.000000
20170425     11.42194   0.06772849    0.7393734     0.000000
20170425     11.42194   0.05569565    0.6718406     0.000000
20170425     11.64361   0.06134180    0.8789632     0.000000
20170425     11.64361   0.04817599    0.8144841     0.000000
20170425     14.70139   0.01272434     4.570049     0.000000
20170425     14.70139   0.01208491     2.939664     0.000000
20170426     7.247778   0.05063679     1.119393     0.000000
20170426     7.247778   0.04751856     1.039718     0.000000
20170426     11.48861   0.06820939    0.7416435     0.000000
20170426     11.48861   0.05505371    0.6575308     0.000000
20170426     11.77722   0.07046033    0.6997633     0.000000
20170426     11.77722   0.05639648    0.6231977     0.000000
20170427     6.924722   0.04968262    0.9935319     0.000000
20170427     6.924722   0.04565430    0.9360271     0.000000
20170427     11.23861   0.07922363    0.5959397     0.000000
20170427     11.23861   0.06268334    0.5099794     0.000000
20170428     6.682222   0.04590218     1.444028     0.000000
20170428     6.682222   0.04264494     1.378858     0.000000
20170428     11.25528   0.06372123    0.8138285     0.000000
20170428     11.25528   0.04699707    0.7818316     0.000000
20170429     6.845556   0.04767387     1.103793     0.000000
20170429     6.845556   0.04528022     1.040956     0.000000
20170502     7.169167   0.04090207     1.762037     0.000000
20170502     7.169167   0.03854128     1.711504     0.000000
20170503     7.108056   0.04247983     1.978950     0.000000
20170503     7.108056   0.03999056     1.932470     0.000000
20170504     6.945556   0.04621579     1.098514     0.000000
20170504     6.945556   0.04370631     1.034215     0.000000
20170504     11.29667   0.07653809    0.5223712     0.000000
20170504     11.29667   0.05348360    0.4576466     0.000000
20170504     15.61444   0.06671518    0.6735688     0.000000
20170504     15.61444   0.04139400    0.6354302     0.000000
20170505     7.012778   0.05773926    0.6528902     0.000000
20170505     7.012778   0.05236286    0.6038415     0.000000
20170505     11.36333   0.07747137    0.4975524     0.000000
20170505     11.36333   0.05715923    0.4157975     0.000000
20170505     16.60889   0.05165983    0.8336773     0.000000
20170505     16.60889   0.04155377    0.7482405     0.000000
20170506     6.938334   0.05639648    0.7234798     0.000000
20170506     6.938334   0.05102539    0.6588523     0.000000
20170506     11.29972   0.07600970    0.5431525     0.000000
20170506     11.29972   0.05773926    0.4598013     0.000000
20170506     15.61639   0.06391358    0.7404363     0.000000
20170506     15.61639   0.04361572    0.6622064     0.000000
20170507     6.685555   0.04649758     1.263967     0.000000
20170507     6.685555   0.04431152     1.169548     0.000000
20170507     10.94972   0.07038966    0.6953703     0.000000
20170507     10.94972   0.05590237    0.6213156     0.000000
20170508     7.123611   0.05598107    0.7818563     0.000000
20170508     7.123611   0.05102539    0.7174730     0.000000
20170508     11.59250   0.06425463    0.8183102     0.000000
20170508     11.59250   0.05067284    0.7539177     0.000000
20170509     6.939167   0.04808914     1.037896     0.000000
20170509     6.939167   0.04558506    0.9681094     0.000000
20170509     11.20806   0.06790447    0.6743354     0.000000
20170509     11.20806   0.05236816    0.6179515     0.000000
20170511     6.956666   0.04785256     1.004240     0.000000
20170511     6.956666   0.04528944    0.9331584     0.000000
20170512     7.109444   0.05091833    0.8214161     0.000000
20170512     7.109444   0.04699707    0.7578184     0.000000
20170512     11.34139   0.06560540    0.6766083     0.000000
20170512     11.34139   0.05236816    0.6001880     0.000000
20170512     11.74333   0.06275418    0.7465700     0.000000
20170512     11.74333   0.04918944    0.6759221     0.000000
20170513     6.765555   0.04500576     1.206457     0.000000
20170513     6.765555   0.04381128     1.096036     0.000000
20170513     11.35806   0.06848145    0.6211414     0.000000
20170513     11.35806   0.05102539    0.5587758     0.000000
20170514     6.859722   0.04221240     1.590287     0.000000
20170514     6.859722   0.03922131     1.515846     0.000000
20170515     7.003611   0.04066497     1.646057     0.000000
20170515     7.003611   0.03925115     1.546078     0.000000
20170516     6.810833   0.04497116     1.304423     0.000000
20170516     6.810833   0.04296875     1.218731     0.000000
20170516     11.15806   0.07385254    0.4624906     0.000000
20170516     11.15806   0.04824872    0.3991613     0.000000
20170516     15.78306   0.06562415    0.6225361     0.000000
20170516     15.78306   0.04269196    0.5552707     0.000000
20170517     6.962778   0.06570379    0.4501043     0.000000
20170517     6.962778   0.05639646    0.3716922     0.000000
20170517     12.66111   0.06579590    0.4608916     0.000000
20170517     12.66111   0.04296875    0.4231177     0.000000
20170518     6.918889   0.05726954    0.5793311     0.000000
20170518     6.918889   0.05102539    0.5287095     0.000000
20170519     6.935000   0.04599156     1.057635     0.000000
20170519     6.935000   0.04355739    0.9898059     0.000000
20170520     6.852777   0.04515502     1.469734     0.000000
20170520     6.852777   0.04296875     1.385995     0.000000
20170520     11.16750   0.07052697    0.6987897     0.000000
20170520     11.16750   0.05081953    0.6504163     0.000000
20170520     15.46500   0.05211616     1.036857     0.000000
20170520     15.46500   0.04296875    0.9724397     0.000000
20170521     6.832778   0.04515793     1.530842     0.000000
20170521     6.832778   0.04296875     1.444854     0.000000
20170523     10.28444   0.06311035    0.5036709     0.000000
20170523     10.28444   0.05505371    0.4516155     0.000000
20170523     14.58306   0.06816489    0.6302580     0.000000
20170523     14.58306   0.04806848    0.5678280     0.000000
20170524     7.042778   0.05044350    0.9839562     0.000000
20170524     7.042778   0.04816612    0.8833104     0.000000
20170524     11.35806   0.06176758    0.7546140     0.000000
20170524     11.35806   0.05236816    0.7145014     0.000000
20170525     6.881667   0.04866344     1.071762     0.000000
20170525     6.881667   0.04557948     1.011928     0.000000
20170525     11.35806   0.06000004    0.8699512     0.000000
20170525     11.35806   0.04766654    0.8182229     0.000000
20170525     13.77972   0.05505371    0.8310635     0.000000
20170525     13.77972   0.04277664    0.7645889     0.000000
20170526     7.420556   0.05639648    0.6580088     0.000000
20170526     7.420556   0.05102539    0.6079990     0.000000
20170527     6.867222   0.04761119     1.055503     0.000000
20170527     6.867222   0.04431152    0.9902208     0.000000
20170528     6.856667   0.04477494     1.129700     0.000000
20170528     6.856667   0.04225032     1.075094     0.000000
20170529     6.947500   0.04496103     1.066285     0.000000
20170529     6.947500   0.04277836     1.004366     0.000000
20170530     8.270555   0.05505371    0.7802089     0.000000
20170530     8.270555   0.04928742    0.7235778     0.000000
20170531     6.944167   0.04550819     1.391092     0.000000
20170531     6.944167   0.04360119     1.306701     0.000000
20170531     11.24667   0.05905886    0.9463634     0.000000
20170531     11.24667   0.04803997    0.9027885     0.000000
20170604     9.212500   0.05639648    0.6510274     0.000000
20170604     9.212500   0.05102539    0.6001134     0.000000
20170604     13.81611   0.06579590    0.6958538     0.000000
20170604     13.81611   0.04699707    0.6452098     0.000000
20170604     13.99583   0.06373179    0.6970127     0.000000
20170604     13.99583   0.04405610    0.6429914     0.000000
20170605     6.919167   0.04886703     1.115136     0.000000
20170605     6.919167   0.04627165     1.033577     0.000000
20170607     8.436945   0.05880968    0.6308483     0.000000
20170607     8.436945   0.05213547    0.5699357     0.000000
20170607     10.12694   0.07116699    0.5917534     0.000000
20170607     10.12694   0.05773926    0.5265165     0.000000
20170607     14.06417   0.04833984    0.6983117     0.000000
20170607     14.06417   0.04092371    0.6287411     0.000000
20170608     6.859167   0.04396960     1.354453     0.000000
20170608     6.859167   0.04274730     1.258884     0.000000
20170609     7.501389   0.05713324    0.7776268     0.000000
20170609     7.501389   0.05062231    0.7211187     0.000000
20170609     11.79333   0.07474142    0.6566405     0.000000
20170609     11.79333   0.06311035    0.5361505     0.000000
20170609     16.07667   0.05003848     1.177399     0.000000
20170609     16.07667   0.04521449     1.040495     0.000000
20170610     6.897222   0.04615921     1.298145     0.000000
20170610     6.897222   0.04429017     1.203582     0.000000
20170610     11.27750   0.06132235    0.8868963     0.000000
20170610     11.27750   0.05083142    0.8012757     0.000000
20170610     15.59333   0.04980172     1.157378     0.000000
20170610     15.59333   0.04565430     1.002007     0.000000
20170612     6.996111   0.04498318     1.360386     0.000000
20170612     6.996111   0.04296875     1.267344     0.000000
20170612     15.40167   0.04603474     1.203361     0.000000
20170612     15.40167   0.04254451     1.101356     0.000000
20170613     10.67167   0.05994006    0.9000924     0.000000
20170613     10.67167   0.05371094    0.8106019     0.000000
20170613     13.80111   0.05428425    0.9579430     0.000000
20170613     13.80111   0.04952400    0.8504946     0.000000
20170614     7.044167   0.04431152     1.399829     0.000000
20170614     7.044167   0.04296875     1.295029     0.000000
20170614     11.45667   0.05867552    0.8294540     0.000000
20170614     11.45667   0.04681257    0.7741027     0.000000
20170617     10.93389   0.05010420     1.050021     0.000000
20170617     10.93389   0.04565430    0.9711768     0.000000
20170619     13.26556   0.06713867    0.4036547     0.000000
20170619     13.26556   0.05639648    0.3340065     0.000000
20170620     6.700278   0.05060237    0.9742536     0.000000
20170620     6.700278   0.04699707    0.8887572     0.000000
20170620     11.17083   0.07582364    0.5804964     0.000000
20170620     11.17083   0.06579590    0.4784137     0.000000
20170621     7.107222   0.05371094    0.7199860     0.000000
20170621     7.107222   0.04968262    0.6355884     0.000000
20170621     11.34417   0.06920877    0.6744010     0.000000
20170621     11.34417   0.05497259    0.5943503     0.000000
20170621     15.57722   0.05187928    0.8893809     0.000000
20170621     15.57722   0.04650369    0.7601608     0.000000
20170621     16.12528   0.04782990    0.9798564     0.000000
20170621     16.12528   0.04535671    0.8209321     0.000000
20170622     6.969444   0.04799743     1.124533     0.000000
20170622     6.969444   0.04640222     1.023238     0.000000
20170622     11.30222   0.06644854    0.6695444     0.000000
20170622     11.30222   0.05230441    0.5771858     0.000000
20170622     15.62722   0.05055331    0.9213273     0.000000
20170622     15.62722   0.04565430    0.7767690     0.000000
20170623     6.948333   0.04911167     1.083769     0.000000
20170623     6.948333   0.04677047    0.9883514     0.000000
20170623     11.21889   0.06379409    0.7801454     0.000000
20170623     11.21889   0.05371094    0.6837279     0.000000
20170623     13.91278   0.04593535     1.119152     0.000000
20170623     13.91278   0.04421696    0.9462499     0.000000
20170624     6.895278   0.04636882     1.296823     0.000000
20170624     6.895278   0.04502867     1.184311     0.000000
20170624     11.17722   0.06497035    0.8028983     0.000000
20170624     11.17722   0.05353666    0.7091519     0.000000
20170624     15.45222   0.04637516     1.318213     0.000000
20170624     15.45222   0.04431133     1.150234     0.000000
20170625     6.844167   0.04519132     1.391808     0.000000
20170625     6.844167   0.04296875     1.304738     0.000000
20170625     11.11889   0.05824568    0.9270130     0.000000
20170625     11.11889   0.05164587    0.8338103     0.000000
20170626     6.987778   0.04673127     1.114237     0.000000
20170626     6.987778   0.04515200     1.014814     0.000000
20170626     15.54389   0.05064799    0.6729143     0.000000
20170626     15.54389   0.04229481    0.5839795     0.000000
20170627     6.911389   0.04763280     1.132422     0.000000
20170627     6.911389   0.04431152     1.053374     0.000000
20170627     11.26889   0.07838229    0.5770422     0.000000
20170627     11.26889   0.06042480    0.4685515     0.000000
20170627     16.11889   0.05455533    0.8298535     0.000000
20170627     16.11889   0.04412509    0.7197620     0.000000
20170628     7.055278   0.04920036     1.009593     0.000000
20170628     7.055278   0.04699707    0.9142867     0.000000
20170628     11.64389   0.07519531    0.4631082     0.000000
20170628     11.64389   0.05236816    0.3852258     0.000000
20170628     15.81056   0.06175794    0.5782601     0.000000
20170628     15.81056   0.04833984    0.5073428     0.000000
20170629     6.774723   0.04861059     1.090168     0.000000
20170629     6.774723   0.04632036     1.002186     0.000000
20170629     11.09500   0.06813685    0.6234845     0.000000
20170629     11.09500   0.05236816    0.5517734     0.000000
20170701     11.96194   0.05181965    0.9861685     0.000000
20170701     11.96194   0.04833984    0.9024376     0.000000
20170701     13.14556   0.05157721     1.075579     0.000000
20170701     13.14556   0.04825255    0.9788778     0.000000
20170702     6.970556   0.04368721     1.532939     0.000000
20170702     6.970556   0.04291161     1.407294     0.000000
20170703     7.155833   0.04318478     1.398816     0.000000
20170703     7.155833   0.04162598     1.266758     0.000000
20170703     11.38556   0.05856212    0.8733343     0.000000
20170703     11.38556   0.04804106    0.8008408     0.000000
20170703     12.56333   0.05848092    0.8984513     0.000000
20170703     12.56333   0.04902014    0.8123864     0.000000
20170703     15.58000   0.05183676     1.068063     0.000000
20170703     15.58000   0.04431152    0.9315015     0.000000
20170704     14.31139   0.05236816    0.7399456     0.000000
20170704     14.31139   0.05092742    0.6373363     0.000000
20170705     7.071111   0.04133005     1.476645     0.000000
20170705     7.071111   0.04015654     1.372032     0.000000
20170705     11.40861   0.05739235    0.7339367     0.000000
20170705     11.40861   0.04699707    0.6632609     0.000000
20170705     15.67722   0.05067486    0.8737952     0.000000
20170705     15.67722   0.04431152    0.7727896     0.000000
20170706     6.838334   0.04595041     1.263577     0.000000
20170706     6.838334   0.04413945     1.168429     0.000000
20170706     11.12528   0.07313405    0.5375544     0.000000
20170706     11.12528   0.05225340    0.4705117     0.000000
20170706     15.41055   0.06282125    0.6191986     0.000000
20170706     15.41055   0.04833984    0.5493803     0.000000
20170707     6.686667   0.04935380    0.9172611     0.000000
20170707     6.686667   0.04699707    0.8305693     0.000000
20170707     11.75222   0.07994216    0.4968054     0.000000
20170707     11.75222   0.06176758    0.3929840     0.000000
20170707     16.03361   0.07069795    0.5573273     0.000000
20170707     16.03361   0.04691102    0.4553138     0.000000
20170708     7.935000   0.07100622    0.4865073     0.000000
20170708     7.935000   0.06042480    0.3993774     0.000000
20170710     7.560833   0.05494666    0.6724488     0.000000
20170710     7.560833   0.05320782    0.5899878     0.000000
20170711     8.285001   0.06289538    0.5966100     0.000000
20170711     8.285001   0.05773926    0.5001050     0.000000
20170712     7.194722   0.04233625     1.368538     0.000000
20170712     7.194722   0.04127853     1.261253     0.000000
20170713     6.827500   0.04470027     1.036918     0.000000
20170713     6.827500   0.04269562    0.9496967     0.000000
20170713     11.12806   0.03222656    0.5081848     0.000000
20170713     11.12806    0.2604980     1.685486     0.000000
20170714     8.174723   0.04833984    0.9895313     0.000000
20170714     8.174723   0.04514002    0.9082437     0.000000
20170715     6.871111   0.04233666     1.444365     0.000000
20170715     6.871111   0.04153345     1.328505     0.000000
20170715     11.24472   0.06530052    0.6804310     0.000000
20170715     11.24472   0.04968262    0.6126482     0.000000
20170716     7.430278   0.05069566    0.8179946     0.000000
20170716     7.430278   0.04805545    0.7417027     0.000000
20170717     15.33333   0.04815792    0.9218910     0.000000
20170717     15.33333   0.04699707    0.8095957     0.000000
20170719     7.228889   0.04648473     1.146214     0.000000
20170719     7.228889   0.04541108     1.036687     0.000000
20170719     11.68583   0.05153525     1.018506     0.000000
20170719     11.68583   0.04551232    0.9284207     0.000000
20170720     6.893889   0.04533234     1.351950     0.000000
20170720     6.893889   0.04381525     1.249457     0.000000
20170720     11.26111   0.06693064    0.6638300     0.000000
20170720     11.26111   0.05485278    0.5888251     0.000000
20170720     15.57806   0.06396379    0.6607203     0.000000
20170720     15.57806   0.04419030    0.5831796     0.000000
20170721     7.603055   0.04699707    0.9874757     0.000000
20170721     7.603055   0.04565430    0.8847847     0.000000
20170721     11.08111   0.05997052    0.7815956     0.000000
20170721     11.08111   0.04833984    0.7078882     0.000000
20170721     15.35472   0.04633086     1.125907     0.000000
20170721     15.35472   0.04279955    0.9806945     0.000000
20170722     9.304167   0.05224129    0.6969501     0.000000
20170722     9.304167   0.05102539    0.6262581     0.000000
20170722     14.06333   0.05169896    0.8077989     0.000000
20170722     14.06333   0.04699707    0.6963917     0.000000
20170723     6.906111   0.04589889     1.217144     0.000000
20170723     6.906111   0.04372893     1.127737     0.000000
20170723     7.179444   0.04732525     1.044066     0.000000
20170723     7.179444   0.04431152    0.9593870     0.000000
20170723     11.52972   0.05319623     1.054393     0.000000
20170723     11.52972   0.04547043    0.9538248     0.000000
20170724     7.212500   0.04769625     1.062799     0.000000
20170724     7.212500   0.04539384    0.9693280     0.000000
20170725     6.890555   0.04383061     1.328019     0.000000
20170725     6.890555   0.03955315     1.275071     0.000000
20170725     11.20278   0.06040748    0.6841665     0.000000
20170725     11.20278   0.04929392    0.6151262     0.000000
20170725     15.47972   0.05075504    0.7868360     0.000000
20170725     15.47972   0.04565430    0.6734182     0.000000
20170726     7.220556   0.04968262    0.9509747     0.000000
20170726     7.220556   0.04668655    0.8605746     0.000000
20170726     11.58806   0.06579590    0.5732590     0.000000
20170726     11.58806   0.04699707    0.5249481     0.000000
20170728     7.778334   0.04348420     1.574858     0.000000
20170728     7.778334   0.04144207     1.470921     0.000000
20170729     8.887777   0.04565430     1.315896     0.000000
20170729     8.887777   0.04431152     1.204344     0.000000
20170730     7.269722   0.04530817     1.293143     0.000000
20170730     7.269722   0.04384817     1.191478     0.000000
20170731     7.027500   0.04345656     1.255204     0.000000
20170731     7.027500   0.04206685     1.161097     0.000000
20170731     12.04611   0.06982422    0.4866712     0.000000
20170731     12.04611   0.04968262    0.4264459     0.000000
20170801     6.954444   0.04616464     1.143470     0.000000
20170801     6.954444   0.04431152     1.042808     0.000000
20170802     7.179444   0.04431152     1.168499     0.000000
20170802     7.179444   0.04280533     1.075267     0.000000
20170803     6.919722   0.04391555     1.411048     0.000000
20170803     6.919722   0.04295818     1.299124     0.000000
20170803     11.21472   -0.1537254     3.193897     0.000000
20170803     11.21472   -0.1517334     1.108153     0.000000
20170804     11.07944   0.06135809    0.5250693     0.000000
20170804     11.07944   0.05371094    0.4503822     0.000000
20170805     8.182222   0.04810388     1.105347     0.000000
20170805     8.182222   0.04565430     1.010311     0.000000
20170806     13.16917   0.05064496    0.7969231     0.000000
20170806     13.16917   0.04833984    0.7107967     0.000000
20170808     10.09917   0.06952788    0.4851754     0.000000
20170808     10.09917   0.05735470    0.4188027     0.000000
20170808     11.95694   0.06240146    0.6750512     0.000000
20170808     11.95694   0.05102539    0.6125058     0.000000
20170809     7.171667   0.05066881    0.8945685     0.000000
20170809     7.171667   0.04833984    0.8036191     0.000000
20170810     6.846111   0.04130465     2.686801     0.000000
20170810     6.846111   0.03949006     2.470560     0.000000
20170810     11.20361   0.05309176     1.109285     0.000000
20170810     11.20361   0.04683510     1.016140     0.000000
20170810     15.65361   0.04518036     1.407389     0.000000
20170810     15.65361   0.04392031     1.232887     0.000000
20170811     6.810000   0.04331304     1.807149     0.000000
20170811     6.810000   0.04122257     1.712147     0.000000
20170811     11.13056   0.06809126    0.6978341     0.000000
20170811     11.13056   0.05236816    0.6280714     0.000000
20170812     6.959722   0.04886790     1.040365     0.000000
20170812     6.959722   0.04699707    0.9441536     0.000000
20170812     11.24528   0.08410840    0.5042494     0.000000
20170812     11.24528   0.06311035    0.4084964     0.000000
20170812     15.55389   0.06648915    0.6533993     0.000000
20170812     15.55389   0.05311486    0.5482917     0.000000
20170813     6.769444   0.04679986     1.215030     0.000000
20170813     6.769444   0.04565430     1.102352     0.000000
20170813     11.12028   0.07726450    0.5991607     0.000000
20170813     11.12028   0.06445312    0.4885435     0.000000
20170814     7.162222   0.04791040     1.001468     0.000000
20170814     7.162222   0.04565430    0.9109018     0.000000
20170814     11.40639   0.06106285    0.8208618     0.000000
20170814     11.40639   0.05221771    0.7313777     0.000000
20170814     13.28111   0.05064355     1.000348     0.000000
20170814     13.28111   0.04616986    0.8838683     0.000000
20170815     7.217500   0.04864661     1.059305     0.000000
20170815     7.217500   0.04648219    0.9706877     0.000000
20170815     11.52861   0.06565764    0.7350799     0.000000
20170815     11.52861   0.05102539    0.6708375     0.000000
20170816     7.005000   0.04968262    0.9711411     0.000000
20170816     7.005000   0.04699707    0.8774897     0.000000
20170816     11.28167   0.07998772    0.5382639     0.000000
20170816     11.28167   0.06713867    0.4248170     0.000000
20170817     6.954444   0.04937729    0.9490248     0.000000
20170817     6.954444   0.04833493    0.8546852     0.000000
20170817     11.27111   0.07575801    0.6267754     0.000000
20170817     11.27111   0.05773926    0.5525815     0.000000
20170818     6.938889   0.04609242     1.211547     0.000000
20170818     6.938889   0.04431152     1.105200     0.000000
20170818     11.26389   0.07578445    0.5985999     0.000000
20170818     11.26389   0.06027969    0.5217703     0.000000
20170819     6.990834   0.04593246     1.227438     0.000000
20170819     6.990834   0.04503067     1.110038     0.000000
20170820     7.018611   0.04143059     1.539588     0.000000
20170820     7.018611   0.04073104     1.414553     0.000000
20170821     7.027223   0.04074509     2.096767     0.000000
20170821     7.027223   0.03996357     1.927400     0.000000
20170823     6.801667   0.04273870     2.279893     0.000000
20170823     6.801667   0.04082199     2.115814     0.000000
20170823     11.17250   0.05029310     1.038557     0.000000
20170823     11.17250   0.04565430    0.9571710     0.000000
20170824     7.052222   0.04376301     1.224678     0.000000
20170824     7.052222   0.04296875     1.117377     0.000000
20170824     11.43694   0.07766212    0.4923420     0.000000
20170824     11.43694   0.06042480    0.4075497     0.000000
20170824     15.74528   0.06283931    0.6303843     0.000000
20170824     15.74528   0.04699707    0.5629808     0.000000
20170825     8.905833   0.06176758    0.7003006     0.000000
20170825     8.905833   0.05505371    0.6146137     0.000000
20170825     12.00306   0.06042480    0.6948920     0.000000
20170825     12.00306   0.04968262    0.6317300     0.000000
20170825     16.23889   0.05033289     1.041167     0.000000
20170825     16.23889   0.04699707    0.9281073     0.000000
20170826     10.16278   0.07199971    0.5596651     0.000000
20170826     10.16278   0.06079015    0.4717833     0.000000
20170827     7.219167   0.05070683    0.9311561     0.000000
20170827     7.219167   0.04772679    0.8443667     0.000000
20170827     11.45667   0.05966116    0.8546895     0.000000
20170827     11.45667   0.04833984    0.7852985     0.000000
20170828     7.514167   0.04493416     1.356438     0.000000
20170828     7.514167   0.04296875     1.262547     0.000000
20170829     7.112778   0.04222271     2.043329     0.000000
20170829     7.112778   0.04099221     1.870283     0.000000
20170831     7.175833   0.04515739     1.063452     0.000000
20170831     7.175833   0.04431152    0.9586189     0.000000
20170831     11.53389   0.06973627    0.6106530     0.000000
20170831     11.53389   0.05236816    0.5493019     0.000000
20170901     7.246945   0.04734944    0.9685101     0.000000
20170901     7.246945   0.04539766    0.8811543     0.000000
20170901     12.28917   0.07597385    0.5172015     0.000000
20170901     12.28917   0.05371094    0.4456960     0.000000
20170902     7.219444   0.05733039    0.5663264     0.000000
20170902     7.219444   0.05102539    0.5031165     0.000000
20170902     16.43889   0.04511375    0.7859548     0.000000
20170902     16.43889   0.04525664    0.6631099     0.000000
20170904     7.512222   0.04387074     1.072510     0.000000
20170904     7.512222   0.04294666    0.9625846     0.000000
20170905     7.309722   0.04456208     1.190764     0.000000
20170905     7.309722   0.04236122     1.098713     0.000000
20170906     7.633333   0.04521605     1.044554     0.000000
20170906     7.633333   0.04431152    0.9494288     0.000000
20170908     7.322500   0.04389890     1.241915     0.000000
20170908     7.322500   0.04208273     1.149518     0.000000
20170909     7.170000   0.04344755     1.326716     0.000000
20170909     7.170000   0.04219312     1.227390     0.000000
20170910     7.072500   0.04359166     1.855216     0.000000
20170910     7.072500   0.04119758     1.715936     0.000000
20170911     7.632500   0.03968536     1.451565     0.000000
20170911     7.632500   0.03944568     1.336687     0.000000
20170912     7.137500   0.04507753     1.252938     0.000000
20170912     7.137500   0.04296875     1.165172     0.000000
20170913     7.278056   0.04415442     1.355353     0.000000
20170913     7.278056   0.04296875     1.249603     0.000000
20170914     7.139166   0.04460622     1.179820     0.000000
20170914     7.139166   0.04228848     1.099781     0.000000
20170914     11.47861   0.07217149    0.6282482     0.000000
20170914     11.47861   0.04968262    0.5733180     0.000000
20170915     9.353056   0.05639648    0.5724706     0.000000
20170915     9.353056   0.05102539    0.5280127     0.000000
20170916     7.258056   0.05750565    0.6792976     0.000000
20170916     7.258056   0.04833984    0.6317157     0.000000
20170916     11.54611   0.07207040    0.6327219     0.000000
20170916     11.54611   0.05336529    0.5719657     0.000000
20170917     7.313334   0.05773926    0.5815714     0.000000
20170917     7.313334   0.05236816    0.5272902     0.000000
20170917     11.67528   0.09265137    0.3734940     0.000000
20170917     11.67528   0.06042480    0.2595315     0.000000
20170917     15.91278   0.07862225    0.4638157     0.000000
20170917     15.91278   0.05902590    0.3780119     0.000000
20170918     7.027223   0.04565430     1.288132     0.000000
20170918     7.027223   0.04425041     1.195906     0.000000
20170918     11.37944   0.06956908    0.6014746     0.000000
20170918     11.37944   0.05102539    0.5541928     0.000000
20170918     15.71306   0.06097233    0.7384887     0.000000
20170918     15.71306   0.04652104    0.6543464     0.000000
20170919     8.978056   0.05236816    0.8787873     0.000000
20170919     8.978056   0.04699707    0.8149749     0.000000
20170921     7.961389   0.04394324     1.528310     0.000000
20170921     7.961389   0.04267415     1.424301     0.000000
20170921     9.291667   0.04674989     1.181463     0.000000
20170921     9.291667   0.04380146     1.095536     0.000000
20170923     10.68917   0.06124030    0.5201571     0.000000
20170923     10.68917   0.04968262    0.4713142     0.000000
20170923     15.06917   0.05309627    0.7547908     0.000000
20170923     15.06917   0.04565430    0.6799891     0.000000
20170924     7.372778   0.05226608    0.6911450     0.000000
20170924     7.372778   0.04699707    0.6405657     0.000000
20170924     11.73778   0.07228001    0.5378348     0.000000
20170924     11.73778   0.05505371    0.4767855     0.000000
20170925     7.075833   0.04781317    0.9896532     0.000000
20170925     7.075833   0.04560392    0.9123177     0.000000
20170925     11.40222   0.08056641    0.4816720     0.000000
20170925     11.40222   0.05908203    0.4110081     0.000000
20170926     7.172778   0.04637470    0.9978716     0.000000
20170926     7.172778   0.04418426    0.9197976     0.000000
20170926     11.48195   0.06560560    0.6973423     0.000000
20170926     11.48195   0.05074198    0.6334107     0.000000
20170927     7.327500   0.04408733     1.421620     0.000000
20170927     7.327500   0.04270640     1.314772     0.000000
20170927     11.59305   0.05586697    0.8725199     0.000000
20170927     11.59305   0.04799163    0.8026816     0.000000
20170928     7.158333   0.04248712     1.495505     0.000000
20170928     7.158333   0.04118083     1.394511     0.000000
20170928     11.59028   0.06702669    0.6016796     0.000000
20170928     11.59028   0.04683490    0.5508232     0.000000
20170928     15.85889   0.05427449    0.8745847     0.000000
20170928     15.85889   0.04667386    0.7782768     0.000000
20170929     7.333889   0.04833984    0.9895088     0.000000
20170929     7.333889   0.04519833    0.9227477     0.000000
20170929     11.79222   0.06445312    0.6562875     0.000000
20170929     11.79222   0.04833984    0.6116209     0.000000
20170930     7.198889   0.04792518     1.015456     0.000000
20170930     7.198889   0.04508583    0.9427599     0.000000
20171001     7.375556   0.04222113     1.531050     0.000000
20171001     7.375556   0.04103512     1.430574     0.000000
20171002     7.166111   0.04348340     1.997581     0.000000
20171002     7.166111   0.04089016     1.852449     0.000000
20171002     11.88278   0.04911731     1.205265     0.000000
20171002     11.88278   0.04393490     1.119395     0.000000
20171003     8.226110   0.04699707     1.148573     0.000000
20171003     8.226110   0.04431152     1.059139     0.000000
20171003     12.56139   0.05323653    0.9661545     0.000000
20171003     12.56139   0.04565430    0.8919935     0.000000
20171004     8.593333   0.05773926    0.5399799     0.000000
20171004     8.593333   0.05236816    0.4913130     0.000000
20171005     7.131389   0.04804815    0.9196272     0.000000
20171005     7.131389   0.04565430    0.8585546     0.000000
20171005     11.07806   0.08190918    0.3768032     0.000000
20171005     11.07806   0.04028320    0.3322930     0.000000
20171005     15.41139   0.07176253    0.5613342     0.000000
20171005     15.41139   0.04410575    0.5192891     0.000000
20171006     7.404167   0.04833984    0.9021826     0.000000
20171006     7.404167   0.04675105    0.8138276     0.000000
20171006     11.68000   0.08292270    0.4511849     0.000000
20171006     11.68000   0.05236816    0.3779756     0.000000
20171010     9.583333   0.05201854     1.065650     0.000000
20171010     9.583333   0.04699707     1.005410     0.000000
20171010     13.91194   0.05168992     1.244687     0.000000
20171010     13.91194   0.04546911     1.168963     0.000000
20171011     7.461111   0.04496696     1.502008     0.000000
20171011     7.461111   0.04296875     1.396442     0.000000
20171011     11.69278   0.05700598    0.9756442     0.000000
20171011     11.69278   0.04931610    0.8980529     0.000000
20171012     7.301389   0.04507354     1.714426     0.000000
20171012     7.301389   0.04141225     1.636836     0.000000
20171012     9.040001   0.05595799    0.8473703     0.000000
20171012     9.040001   0.04666319    0.8004808     0.000000
20171013     8.705833   0.03476295     1.468710     0.000000
20171013     8.705833   0.04699707     1.152294     0.000000
20171014     7.343334   0.03730499     1.932476     0.000000
20171014     7.343334   0.04225745     1.543327     0.000000
20171018     9.251111   0.03088379    0.6721640     0.000000
20171018     9.251111   0.06579590    0.3553238     0.000000
20171018     12.79361   0.08558747    0.6874975     0.000000
20171018     12.79361   0.07788086    0.3734418     0.000000
20171027     7.473889   0.04090856     1.560976     0.000000
20171027     7.473889   0.03988396     1.463224     0.000000
20171027     11.86639   0.05496095    0.9464332     0.000000
20171027     11.86639   0.04799504    0.8878984     0.000000
20171028     7.512222   0.04221531     1.668042     0.000000
20171028     7.512222   0.03982922     1.583636     0.000000
20171028     11.91667   0.05472467    0.9863667     0.000000
20171028     11.91667   0.04565430    0.9372137     0.000000
20171029     7.476667   0.04191954     1.553475     0.000000
20171029     7.476667   0.03978976     1.484051     0.000000
20171030     7.475555   0.04397283     1.419701     0.000000
20171030     7.475555   0.04116552     1.358486     0.000000
20171031     9.825000   0.04366012     1.430460     0.000000
20171031     9.825000   0.04233586     1.333721     0.000000
20171101     9.227777   0.04755442     1.187667     0.000000
20171101     9.227777   0.04419379     1.123909     0.000000
20171102     7.364722   0.04253172     1.717249     0.000000
20171102     7.364722   0.04113686     1.593372     0.000000
20171102     11.82278   0.05323234    0.9496426     0.000000
20171102     11.82278   0.04553543    0.8746573     0.000000
20171102     16.25805   0.04489874     1.667815     0.000000
20171102     16.25805   0.04222889     1.494625     0.000000
20171103     7.554445   0.04126987     2.234005     0.000000
20171103     7.554445   0.03939467     2.080844     0.000000
20171103     12.10611   0.05004614     1.073855     0.000000
20171103     12.10611   0.04431152    0.9970671     0.000000
20171104     7.436111   0.04126818     1.947654     0.000000
20171104     7.436111   0.03962833     1.751048     0.000000
20171104     11.91361   0.05170339    0.9693994     0.000000
20171104     11.91361   0.04431152    0.9055403     0.000000
20171105     7.530000   0.04565430    0.7395616     0.000000
20171105     7.530000   0.04565430    0.6644286     0.000000
20171105     11.95806   0.08190918    0.3845380     0.000000
20171105     11.95806   0.04296875    0.3147198     0.000000
20171105     16.34056   0.06399057    0.7206894     0.000000
20171105     16.34056   0.04682705    0.6345212     0.000000
20171106     7.557778   0.05236816    0.7405967     0.000000
20171106     7.557778   0.04787699    0.6703791     0.000000
20171106     12.25250   0.07788086    0.4642190     0.000000
20171106     12.25250   0.04028320    0.4089003     0.000000
20171107     7.320833   0.04641454     1.055084     0.000000
20171107     7.320833   0.04427743    0.9582508     0.000000
20171107     9.883611   0.07116699    0.5002075     0.000000
20171107     9.883611   0.05355397    0.4270123     0.000000
20171108     8.372778   0.05349312    0.7799683     0.000000
20171108     8.372778   0.04833984    0.7234732     0.000000
20171108     13.14917   0.05591545    0.9011064     0.000000
20171108     13.14917   0.04770631    0.8289048     0.000000
20171109     7.329166   0.04603394     1.176454     0.000000
20171109     7.329166   0.04296875     1.114636     0.000000
20171109     11.77278   0.06982422    0.5369128     0.000000
20171109     11.77278   0.04968262    0.4587582     0.000000
20171109     14.69667   0.06940515    0.7070497     0.000000
20171109     14.69667   0.04827101    0.6298825     0.000000
20171110     7.612500   0.05236816    0.8977681     0.000000
20171110     7.612500   0.04833984    0.8316208     0.000000
20171112     9.337222   0.04665928     1.272116     0.000000
20171112     9.337222   0.04430360     1.189279     0.000000
20171112     9.805834   0.05310897     1.178583     0.000000
20171112     9.805834   0.03759766     1.178324     0.000000
20171113     7.607778   0.04431152     1.375004     0.000000
20171113     7.607778   0.04276197     1.279736     0.000000
20171113     14.46889   0.05050134     1.110624     0.000000
20171113     14.46889   0.04364379     1.013528     0.000000
20171114     7.366111   0.04350745     1.774973     0.000000
20171114     7.366111   0.04087162     1.667944     0.000000
20171114     11.85611   0.05356373    0.9746760     0.000000
20171114     11.85611   0.04514568    0.8957317     0.000000
20171114     14.53861   0.04914256     1.223914     0.000000
20171114     14.53861   0.04370565     1.095269     0.000000
20171115     7.878334   0.04502830     1.448285     0.000000
20171115     7.878334   0.04270736     1.363630     0.000000
20171116     7.338611   0.04490627     1.205912     0.000000
20171116     7.338611   0.04209263     1.134038     0.000000
20171116     11.83278   0.05565510    0.8200393     0.000000
20171116     11.83278   0.04536532    0.7499220     0.000000
20171117     8.297223   0.06713867    0.3338578     0.000000
20171117     8.297223   0.05236816    0.2838978     0.000000
20171117     13.09417   0.06975811    0.5815399     0.000000
20171117     13.09417   0.04699707    0.5262299     0.000000
20171118     7.413333   0.04657715     1.252005     0.000000
20171118     7.413333   0.04379233     1.175768     0.000000
20171118     8.858334   0.05639648    0.7741819     0.000000
20171118     8.858334   0.04833984    0.7116397     0.000000
20171120     7.913055   0.06176758    0.3574219     0.000000
20171120     7.913055   0.05102539    0.3076031     0.000000
20171120     12.24083   0.08996582    0.3505898     0.000000
20171120     12.24083   0.03458468    0.2664623     0.000000
20171121     8.164444   0.06176758    0.4344573     0.000000
20171121     8.164444   0.05236816    0.3899193     0.000000
20171121     9.630834   0.07788086    0.3692062     0.000000
20171121     9.630834   0.05371094    0.2916791     0.000000
20171122     7.837778   0.05908203    0.4515974     0.000000
20171122     7.837778   0.05102539    0.4138291     0.000000
20171123     8.648889   0.04917294    0.7942160     0.000000
20171123     8.648889   0.04505928    0.7447012     0.000000
20171123     16.38556   0.05908203    0.6623259     0.000000
20171123     16.38556   0.04669811    0.6006196     0.000000
20171124     10.91889   0.06042480    0.3284464     0.000000
20171124     10.91889   0.05102539    0.2861831     0.000000
20171201     7.835000   0.04115158     2.785861     0.000000
20171201     7.835000   0.03942430     2.612362     0.000000
20171203     7.774167   0.04284698     1.178922     0.000000
20171203     7.774167   0.04094733     1.110575     0.000000
20171203     12.16639   0.06693627    0.5523238     0.000000
20171203     12.16639   0.04296875    0.5162495     0.000000
20171204     7.846945   0.04699707    0.8421091     0.000000
20171204     7.846945   0.04407931    0.7840075     0.000000
20171204     12.26805   0.07478577    0.5218858     0.000000
20171204     12.26805   0.05102539    0.4626901     0.000000
20171204     12.49306   0.07250977    0.5490855     0.000000
20171204     12.49306   0.05073957    0.4753464     0.000000
20171205     7.789166   0.04428967     1.260892     0.000000
20171205     7.789166   0.04236533     1.204560     0.000000
20171205     13.38278   0.06413879    0.6362746     0.000000
20171205     13.38278   0.04375882    0.5837409     0.000000
20171206     11.34500   0.05371094    0.5792426     0.000000
20171206     11.34500   0.05102539    0.5197193     0.000000
20171206     12.61361   0.05773926    0.5928973     0.000000
20171206     12.61361   0.04968262    0.5440114     0.000000
20171206     15.38194   0.05009621    0.9648985     0.000000
20171206     15.38194   0.04800598    0.8659367     0.000000
20171207     7.848889   0.04341365     1.624505     0.000000
20171207     7.848889   0.04157750     1.539507     0.000000
20171207     13.31833   0.05572382    0.9813609     0.000000
20171207     13.31833   0.04565430    0.9250373     0.000000
20171207     13.67806   0.05599293     1.005586     0.000000
20171207     13.67806   0.04338847    0.9466898     0.000000
20171208     7.977500   0.04968262    0.8830833     0.000000
20171208     7.977500   0.04699707    0.8208033     0.000000
20171208     12.45194   0.06113583    0.8145687     0.000000
20171208     12.45194   0.04675063    0.7691759     0.000000
20171209     8.325556   0.05088228    0.7689421     0.000000
20171209     8.325556   0.04833984    0.7136969     0.000000
20171209     15.56056   0.05583313    0.8133412     0.000000
20171209     15.56056   0.04361681    0.7554068     0.000000
20171210     8.061389   0.05505371    0.6803306     0.000000
20171210     8.061389   0.04968262    0.6440116     0.000000
20171210     12.58556   0.06431354    0.7380314     0.000000
20171210     12.58556   0.05064854    0.6782206     0.000000
20171211     11.50972   0.06176758    0.4246864     0.000000
20171211     11.50972   0.04968262    0.3979382     0.000000
20171212     12.60778   0.06445312    0.4785937     0.000000
20171212     12.60778   0.05908203    0.4286949     0.000000
20171213     7.895555   0.04236486     1.684250     0.000000
20171213     7.895555   0.04091283     1.582275     0.000000
20171214     7.699167   0.05102539    0.8360260     0.000000
20171214     7.699167   0.04793145    0.7622452     0.000000
20171214     12.14528   0.07617582    0.4459866     0.000000
20171214     12.14528   0.04291812    0.4026828     0.000000
20171215     7.935000   0.04562056     1.048613     0.000000
20171215     7.935000   0.04383355    0.9778967     0.000000
20171215     12.14250   0.07653809    0.4758052     0.000000
20171215     12.14250   0.05598499    0.3892304     0.000000
20171216     7.745278   0.04476091     1.392624     0.000000
20171216     7.745278   0.04249690     1.325217     0.000000
20171216     12.16611   0.07250977    0.5265753     0.000000
20171216     12.16611   0.04564601    0.4913620     0.000000
20171217     8.323055   0.05228523    0.8204211     0.000000
20171217     8.323055   0.05236816    0.7593363     0.000000
20171217     12.60778   0.07784508    0.5284493     0.000000
20171217     12.60778   0.05371094    0.4705047     0.000000
20171217     15.57417   0.05231722    0.8068617     0.000000
20171217     15.57417   0.04296875    0.7492625     0.000000
20171222     8.050834   0.04826624    0.9179860     0.000000
20171222     8.050834   0.04666841    0.8724520     0.000000
20171222     14.22305   0.05745523    0.8109872     0.000000
20171222     14.22305   0.04675508    0.7576197     0.000000
20171222     15.89556   0.05322105     1.054414     0.000000
20171222     15.89556   0.04386268    0.9876980     0.000000
20171223     7.932777   0.04560948     1.308720     0.000000
20171223     7.932777   0.04296875     1.249659     0.000000
20171223     9.566667   0.05762982    0.8205754     0.000000
20171223     9.566667   0.04813184    0.7865075     0.000000
20171223     12.80722   0.06713867    0.6699824     0.000000
20171223     12.80722   0.04699707    0.6381499     0.000000
20171223     14.43611   0.06295938    0.7463468     0.000000
20171223     14.43611   0.04699707    0.7167361     0.000000
20171224     8.096389   0.04833984    0.9279541     0.000000
20171224     8.096389   0.04555696    0.8683388     0.000000
20171224     9.675556   0.06564214    0.5853267     0.000000
20171224     9.675556   0.05505371    0.5417719     0.000000
20171224     11.41750   0.07519531    0.5144517     0.000000
20171224     11.41750   0.05727659    0.4589910     0.000000
20171224     12.33056   0.07485305    0.5820292     0.000000
20171224     12.33056   0.04833984    0.5323551     0.000000
20171224     13.90917   0.07723392    0.5748080     0.000000
20171224     13.90917   0.05233771    0.5104707     0.000000
20171225     8.086111   0.05355220    0.6352169     0.000000
20171225     8.086111   0.04833984    0.5978995     0.000000
20171225     9.701667   0.07385254    0.4404736     0.000000
20171225     9.701667   0.05505371    0.4062903     0.000000
20171225     12.87389   0.06528124    0.7200496     0.000000
20171225     12.87389   0.04699707    0.6732497     0.000000
20171225     14.27194   0.05714707    0.9552292     0.000000
20171225     14.27194   0.04641012    0.8976654     0.000000
20171226     8.096666   0.05371094    0.6789582     0.000000
20171226     8.096666   0.04833984    0.6588760     0.000000
20171226     9.676667   0.07250977    0.4605454     0.000000
20171226     9.676667   0.05765040    0.4111485     0.000000
20171228     7.771667   0.04888149     1.052278     0.000000
20171228     7.771667   0.04431152     1.027518     0.000000
20171228     9.972778   0.07385254    0.4333250     0.000000
20171228     9.972778   0.05236816    0.4067148     0.000000
20171228     13.20444   0.07922363    0.4507547     0.000000
20171228     13.20444   0.04162598    0.4123946     0.000000
20171228     14.83333   0.07922363    0.5021116     0.000000
20171228     14.83333   0.05371091    0.4426656     0.000000
20171229     8.106945   0.05197840    0.8698126     0.000000
20171229     8.106945   0.04802884    0.8239139     0.000000
20171229     9.698334   0.06713867    0.5819687     0.000000
20171229     9.698334   0.05371094    0.5526925     0.000000
20171229     12.87944   0.06373477    0.7611097     0.000000
20171229     12.87944   0.04945288    0.7193991     0.000000
20171229     14.45472   0.05544182     1.079324     0.000000
20171229     14.45472   0.04562673     1.027652     0.000000
20171230     7.883056   0.04482591     1.531167     0.000000
20171230     7.883056   0.04237584     1.470393     0.000000
20171230     9.550556   0.05505371    0.9133646     0.000000
20171230     9.550556   0.04565430    0.8931912     0.000000
20171230     12.79611   0.06564943    0.7376319     0.000000
20171230     12.79611   0.04810699    0.6992380     0.000000
20171230     14.37056   0.06379639    0.8197460     0.000000
20171230     14.37056   0.04812985    0.7771914     0.000000
20171230     14.67944   0.06125021    0.8303543     0.000000
20171230     14.67944   0.04777721    0.7804858     0.000000
20171231     8.114445   0.04739369    0.9261837     0.000000
20171231     8.114445   0.04431152    0.8831275     0.000000
20171231     9.708889   0.06122918    0.5951874     0.000000
20171231     9.708889   0.05102539    0.5661371     0.000000
20171231     12.89361   0.07341242    0.5887066     0.000000
20171231     12.89361   0.04822295    0.5353117     0.000000
20171231     14.48111   0.07191373    0.6494530     0.000000
20171231     14.48111   0.05082756    0.5867150     0.000000
20180101     7.683333   0.04652052     1.111621     0.000000
20180101     7.683333   0.04218120     1.067799     0.000000
20180101     9.282778   0.06000961    0.5505093     0.000000
20180101     9.282778   0.04962403    0.5235748     0.000000
20180101     12.56861   0.07788086    0.4619264     0.000000
20180101     12.56861   0.04682421    0.4210885     0.000000
20180101     14.16444   0.08275578    0.4829490     0.000000
20180101     14.16444   0.04540385    0.4285471     0.000000
20180102     7.655000   0.04565430    0.9665142     0.000000
20180102     7.655000   0.04296875    0.9063881     0.000000
20180102     9.261111   0.06311035    0.4631946     0.000000
20180102     9.261111   0.04968262    0.4469375     0.000000
20180102     12.44361   0.08013728    0.4625543     0.000000
20180102     12.44361   0.05908203    0.3798154     0.000000
20180102     14.06417   0.08325195    0.5115608     0.000000
20180102     14.06417   0.05198053    0.4335992     0.000000
20180103     8.201944   0.05236816    0.7559847     0.000000
20180103     8.201944   0.04833984    0.6989455     0.000000
20180103     9.777500   0.06968662    0.5286795     0.000000
20180103     9.777500   0.05773926    0.4767480     0.000000
20180103     10.10639   0.07250977    0.4798792     0.000000
20180103     10.10639   0.05505371    0.4391080     0.000000
20180103     13.49556   0.07653809    0.4893522     0.000000
20180103     13.49556   0.05236815    0.4385522     0.000000
20180103     15.07222   0.06931468    0.6061569     0.000000
20180103     15.07222   0.05756443    0.5420362     0.000000
20180103     16.15083   0.06176758    0.7598561     0.000000
20180103     16.15083   0.04830827    0.7041698     0.000000
20180104     7.938334   0.04875334     1.133558     0.000000
20180104     7.938334   0.04431152     1.094934     0.000000
20180104     9.592222   0.05773926    0.8014669     0.000000
20180104     9.592222   0.04965870    0.7628910     0.000000
20180104     12.82694   0.06906499    0.6745577     0.000000
20180104     12.82694   0.04968262    0.6309553     0.000000
20180104     14.45167   0.06700399    0.7465454     0.000000
20180104     14.45167   0.04968262    0.6962355     0.000000
20180105     8.111667   0.04375191     1.205875     0.000000
20180105     8.111667   0.04162598     1.142975     0.000000
20180105     9.805555   0.05092831    0.9077322     0.000000
20180105     9.805555   0.04527717    0.8720997     0.000000
20180105     13.32528   0.05597141    0.8795352     0.000000
20180105     13.32528   0.04414406    0.8428216     0.000000
20180106     7.920000   0.04212679     1.656123     0.000000
20180106     7.920000   0.04096396     1.572842     0.000000
20180106     9.581388   0.04833984    0.9438739     0.000000
20180106     9.581388   0.04296875    0.9163367     0.000000
20180106     9.853889   0.04936038    0.9081815     0.000000
20180106     9.853889   0.04296875    0.8844813     0.000000
20180106     13.01861   0.06227685    0.8132282     0.000000
20180106     13.01861   0.04400388    0.7882879     0.000000
20180106     14.61056   0.06246966    0.9480667     0.000000
20180106     14.61056   0.04411253    0.9014156     0.000000
20180106     14.83528   0.05821267    0.9661989     0.000000
20180106     14.83528   0.04635797    0.9013799     0.000000
20180107     8.146389   0.04057864     1.537500     0.000000
20180107     8.146389   0.03893886     1.465671     0.000000
20180107     9.722222   0.04797974    0.9299194     0.000000
20180107     9.722222   0.04296875    0.8971829     0.000000
20180107     10.36917   0.05102539    0.8487461     0.000000
20180107     10.36917   0.04416309    0.8333597     0.000000
20180107     14.03500   0.06378124    0.7760849     0.000000
20180107     14.03500   0.04378011    0.7480778     0.000000
20180107     14.98139   0.05709431    0.9388193     0.000000
20180107     14.98139   0.04485273    0.8650376     0.000000
20180108     8.111667   0.04205126     1.512326     0.000000
20180108     8.111667   0.04124585     1.425648     0.000000
20180108     9.687778   0.05102539    0.9010374     0.000000
20180108     9.687778   0.04431152    0.8732564     0.000000
20180108     10.01833   0.05097435    0.8639624     0.000000
20180108     10.01833   0.04632119    0.8347066     0.000000
20180108     13.30167   0.06519292    0.7295727     0.000000
20180108     13.30167   0.04565430    0.7155109     0.000000
20180108     13.50833   0.06003573    0.7637555     0.000000
20180108     13.50833   0.04366770    0.7322853     0.000000
20180108     15.08417   0.06089445    0.8004273     0.000000
20180108     15.08417   0.04565430    0.7478318     0.000000
20180109     7.823333   0.05773926    0.4597213     0.000000
20180109     7.823333   0.05505371    0.4338782     0.000000
20180109     9.398055   0.07519531    0.3166558     0.000000
20180109     9.398055   0.05639648    0.2699734     0.000000
20180109     9.598333   0.07922363    0.3154518     0.000000
20180109     9.598333   0.05505371    0.2637718     0.000000
20180109     12.82472   0.06713867    0.6233599     0.000000
20180109     12.82472   0.05080720    0.5710243     0.000000
20180109     14.45444   0.06414616    0.7198249     0.000000
20180109     14.45444   0.04565430    0.7032021     0.000000
20180109     16.17555   0.05728416    0.8890644     0.000000
20180109     16.17555   0.04684114    0.8331281     0.000000
20180110     8.160833   0.05232100    0.8370367     0.000000
20180110     8.160833   0.04531441    0.8275124     0.000000
20180110     8.763611   0.05102539    0.7057600     0.000000
20180110     8.763611   0.04833984    0.6560223     0.000000
20180110     10.33972   0.05908203    0.5232374     0.000000
20180110     10.33972   0.04968262    0.4920971     0.000000
20180112     10.90833   0.06445312    0.5746309     0.000000
20180112     10.90833   0.05371094    0.5283466     0.000000
20180112     12.48389   0.06829389    0.5996984     0.000000
20180112     12.48389   0.05639648    0.5496831     0.000000
20180113     7.947222   0.04383556     1.514518     0.000000
20180113     7.947222   0.04162598     1.453389     0.000000
20180113     9.569445   0.05236816    0.9806173     0.000000
20180113     9.569445   0.04532069    0.9505537     0.000000
20180113     12.79139   0.05868078    0.8949451     0.000000
20180113     12.79139   0.04508743    0.8640537     0.000000
20180113     14.40889   0.05283891     1.209573     0.000000
20180113     14.40889   0.04371956     1.142392     0.000000
20180114     8.163333   0.04591043     1.409412     0.000000
20180114     8.163333   0.04278978     1.360418     0.000000
20180114     9.761666   0.05591562    0.9081712     0.000000
20180114     9.761666   0.04791737    0.8797489     0.000000
20180114     13.16417   0.05867679    0.9558546     0.000000
20180114     13.16417   0.04753211    0.9063152     0.000000
20180114     16.56055   0.04667284     1.484522     0.000000
20180114     16.56055   0.04109711     1.371142     0.000000
20180115     7.881667   0.04897422    0.9118487     0.000000
20180115     7.881667   0.04521123    0.8700812     0.000000
20180115     9.456667   0.06311035    0.4757372     0.000000
20180115     9.456667   0.05102539    0.4507071     0.000000
20180115     12.64750   0.07634454    0.5273762     0.000000
20180115     12.64750   0.05355180    0.4719392     0.000000
20180115     14.27750   0.06221202    0.8046786     0.000000
20180115     14.27750   0.04681608    0.7492138     0.000000
20180116     7.692778   0.04833984    0.9349837     0.000000
20180116     7.692778   0.04431152    0.9112816     0.000000
20180116     9.319445   0.07250977    0.4334417     0.000000
20180116     9.319445   0.05236816    0.4000592     0.000000
20180116     12.57250   0.08325195    0.4513777     0.000000
20180116     12.57250   0.04699707    0.3967176     0.000000
20180116     14.18333   0.07713975    0.5633137     0.000000
20180116     14.18333   0.04811063    0.5213305     0.000000
20180117     8.123889   0.06042480    0.4963316     0.000000
20180117     8.123889   0.05445446    0.4554121     0.000000
20180117     9.698889   0.07116699    0.3436765     0.000000
20180117     9.698889   0.05102539    0.3173542     0.000000
20180117     12.37444   0.08459473    0.3336592     0.000000
20180117     12.37444   0.05371094    0.2784649     0.000000
20180117     12.58639   0.08593750    0.3449936     0.000000
20180117     12.58639   0.04668614    0.2806072     0.000000
20180117     14.16139   0.08728027    0.4022860     0.000000
20180117     14.16139   0.04431152    0.3278428     0.000000
20180118     9.538334   0.06176757    0.3173503     0.000000
20180118     9.538334   0.04968262    0.2969698     0.000000
20180118     11.13139   0.06579590    0.3104761     0.000000
20180118     11.13139   0.05102539    0.2779125     0.000000
20180118     15.11417   0.07653809    0.4380163     0.000000
20180118     15.11417   0.04411644    0.3987119     0.000000
20180118     16.69833   0.06311035    0.5970224     0.000000
20180118     16.69833   0.04786595    0.5492516     0.000000
20180119     8.287500   0.05371094    0.5666442     0.000000
20180119     8.287500   0.05371094    0.5282113     0.000000
20180119     11.47472   0.06176758    0.3142276     0.000000
20180119     11.47472   0.04833984    0.3094697     0.000000
20180119     14.75056   0.06713867    0.5067706     0.000000
20180119     14.75056   0.04149025    0.4986057     0.000000
20180120     10.31361   0.06042480    0.4720230     0.000000
20180120     10.31361   0.04968262    0.4680123     0.000000
20180120     11.91806   0.06311035    0.6030441     0.000000
20180120     11.91806   0.05102539    0.5768493     0.000000
20180121     9.478333   0.04966856    0.9236079     0.000000
20180121     9.478333   0.04565430    0.8880361     0.000000
20180121     11.11667   0.05639648    0.7363848     0.000000
20180121     11.11667   0.04697115    0.7215751     0.000000
20180122     8.177778   0.04153449     1.465608     0.000000
20180122     8.177778   0.04119780     1.384323     0.000000
20180124     8.720834   0.04482424     1.304034     0.000000
20180124     8.720834   0.04292411     1.245463     0.000000
20180124     10.49222   0.04833984    0.9873513     0.000000
20180124     10.49222   0.04384236    0.9599731     0.000000
20180124     17.08417   0.04341903     2.093921     0.000000
20180124     17.08417   0.04108638     1.887045     0.000000
20180129     7.865555   0.04339100     1.421879     0.000000
20180129     7.865555   0.04242292     1.353346     0.000000
20180129     9.443334   0.05367767    0.7869909     0.000000
20180129     9.443334   0.04699707    0.7636913     0.000000
20180129     9.854723   0.05772645    0.7143769     0.000000
20180129     9.854723   0.04678010    0.6971541     0.000000
20180129     13.88667   0.04752530     10.42401     0.000000
20180129     13.88667   0.02442065     6.755576     0.000000
20180129     16.07306   0.04943462    0.8421515     0.000000
20180129     16.07306   0.04231560    0.8087985     0.000000
20180130     8.108056   0.04968262    0.8272681     0.000000
20180130     8.108056   0.04699707    0.7900351     0.000000
20180130     9.717778   0.06982422    0.4198091     0.000000
20180130     9.717778   0.05639648    0.3939158     0.000000
20180130     11.31389   0.07653808    0.3521072     0.000000
20180130     11.31389   0.05773926    0.3055826     0.000000
20180131     8.340833   0.05102539    0.7354454     0.000000
20180131     8.340833   0.04699707    0.7151014     0.000000
20180131     11.35972   0.06311035    0.4478443     0.000000
20180131     11.35972   0.04565430    0.4492761     0.000000
